6.021246478785222470e-03 1.454414146935950885e-04 9.035910379491518049e-08 5.421545737808897717e-07 6.325142123684540082e-07
1.806373943635566914e-02 3.131576406465695910e-04 1.355386556923727773e-07 1.039129599746705537e-06 6.776937989662006777e-07
3.010623239392611408e-02 5.839795852484362887e-04 2.710773113847455547e-07 2.349336486383855960e-06 6.776937989662006777e-07
4.214872535149655902e-02 1.120201613699379649e-03 4.517955189745759951e-07 3.478825181760709509e-06 6.325142123684540082e-07
5.419121830906700049e-02 1.916221136554849529e-03 1.355386556923727668e-06 4.834211616212933938e-06 4.969754525752138939e-07
6.623371126663744890e-02 3.061860313619403032e-03 4.292057430258471159e-06 7.770882224192754523e-06 7.228733855639474531e-07
7.827620422420789037e-02 4.446648732054940198e-03 7.861242030157620557e-06 9.849141423686165597e-06 7.228733855639474531e-07
9.031869718177834572e-02 6.039320328187039108e-03 1.292135184267286950e-05 1.088827102343287113e-05 7.680529721616942285e-07
1.023611901393487733e-01 7.806756569250739193e-03 1.956274597159913850e-05 1.255991429259061446e-05 7.228733855639474531e-07
1.144036830969192287e-01 9.657282826350949145e-03 2.516501040688387834e-05 1.228883700570016872e-05 6.776937989662006777e-07
1.264461760544896562e-01 1.148820002039523461e-02 2.624931965242286353e-05 9.216627754275127812e-06 5.873346257707073387e-07
1.384886690120601394e-01 1.363557315371070194e-02 2.548126727016608066e-05 7.138368554781716739e-06 7.228733855639474531e-07
1.505311619696305669e-01 1.610491445139602268e-02 2.177654401457456150e-05 4.879391164028007945e-06 9.035917319549342370e-07
1.625736549272009945e-01 1.862187775936002126e-02 1.590320226790507537e-05 2.304156938568781953e-06 1.084310078345921127e-06
1.746161478847714499e-01 2.095445261955621377e-02 1.030093783262033214e-05 1.400565982267298647e-06 9.939509051504275760e-07
1.866586408423419052e-01 2.352870692280802437e-02 7.906421582055078273e-06 1.400565982267298859e-06 1.084310078345921127e-06
1.987011337999123328e-01 2.558752299716125431e-02 5.828162194772029267e-06 9.939500519316315304e-07 9.035917319549342370e-07
2.107436267574827882e-01 2.759428920828769366e-02 4.789032501130505188e-06 9.035909563014830939e-07 6.776937989662006777e-07
2.227861197150532435e-01 2.911760616895701925e-02 4.201698326463555727e-06 7.228727650411865387e-07 4.517958659774671185e-07
2.348286126726236711e-01 3.043394359538858368e-02 3.478825496104234813e-06 4.969750259658156593e-07 3.162571061842270041e-07
2.468711056301941265e-01 3.131449896381464232e-02 2.755952665744912628e-06 1.355386434452224429e-07 0.000000000000000000e+00
2.589135985877645818e-01 3.227900280956307044e-02 4.066159670771182579e-06 4.517954781507415205e-08 0.000000000000000000e+00
2.709560915453350094e-01 3.275870193966617244e-02 5.782982642874572398e-06 4.517954781507415205e-08 0.000000000000000000e+00
2.829985845029054925e-01 3.345495922467030259e-02 9.306987690876264080e-06 4.517954781507415205e-08 0.000000000000000000e+00
2.950410774604759201e-01 3.427492529918392539e-02 1.061719469590253446e-05 9.035909563014830410e-08 0.000000000000000000e+00
3.070835704180463477e-01 3.515972779186633812e-02 1.070755379969745158e-05 9.035909563014830410e-08 0.000000000000000000e+00
3.191260633756167753e-01 3.594698197317146987e-02 9.261808138978806364e-06 9.035909563014830410e-08 0.000000000000000000e+00
3.311685563331872029e-01 3.676437266382751035e-02 8.087139789644910831e-06 1.355386434452224429e-07 0.000000000000000000e+00
3.432110492907576860e-01 3.753906620105534192e-02 5.828162194772029267e-06 7.680523128562605451e-07 6.776937989662006777e-07
3.552535422483281136e-01 3.796852275484925709e-02 6.686573680823723330e-06 1.762002364787891970e-06 1.762003877312121699e-06
3.672960352058985967e-01 3.838460538545295647e-02 9.171449035183890932e-06 3.027029703609968174e-06 2.620416022669309160e-06
3.793385281634690243e-01 3.873508350094790470e-02 1.237919721990338030e-05 4.111338851171748141e-06 4.427599486579177211e-06
3.913810211210394518e-01 3.904024389698410730e-02 1.463817481477625762e-05 4.924570711843082798e-06 5.602268738120592523e-06
4.034235140786098794e-01 3.922540044169189194e-02 2.579752413344827959e-05 5.014929807473231658e-06 5.331191218534111871e-06
4.154660070361803625e-01 3.969588240851525118e-02 6.709163456772452357e-05 4.789032068397859932e-06 4.382419899981430859e-06
4.275084999937507901e-01 3.988329806187003446e-02 2.369215701502676188e-04 4.653493424952637913e-06 3.569187341221990172e-06
4.395509929513212732e-01 3.970189163751625810e-02 8.387132014244027016e-04 3.885441112096377262e-06 1.762003877312121699e-06
4.515934859088917008e-01 3.773949432021680983e-02 3.081561696269890290e-03 3.027029703609968174e-06 5.873346257707073387e-07
4.636359788664621284e-01 3.198726151889001723e-02 9.105667607621192525e-03 2.258977390753707523e-06 1.807183463909868633e-07
4.756784718240325560e-01 2.460463000702628120e-02 1.694431986183008582e-02 1.445745530082372866e-06 4.517958659774671582e-08
4.877209647816029836e-01 1.681517821001152907e-02 2.517589867889116415e-02 3.614363825205932693e-07 0.000000000000000000e+00
4.997634577391735222e-01 9.233971048076860741e-03 3.312768053105129284e-02 1.355386434452224429e-07 0.000000000000000000e+00
5.118059506967439498e-01 3.284969883596715757e-03 3.929762603592759640e-02 2.710772868904448858e-07 0.000000000000000000e+00
5.238484436543143774e-01 1.047367950920232316e-03 4.170068122180146247e-02 1.084309147561779543e-06 0.000000000000000000e+00
5.358909366118848050e-01 3.890185090126914067e-04 4.232248739456616338e-02 2.213797842938633093e-06 0.000000000000000000e+00
5.479334295694552326e-01 1.725959006304856322e-04 4.245405024969156615e-02 3.298106990500413060e-06 0.000000000000000000e+00
5.599759225270256602e-01 1.078950289805234621e-04 4.251865700890493371e-02 4.472775233692341040e-06 0.000000000000000000e+00
5.720184154845961988e-01 9.040952805277531500e-05 4.263562686876744279e-02 6.460675337555604100e-06 0.000000000000000000e+00
5.840609084421666264e-01 7.337584885442634654e-05 4.272503720197252247e-02 7.861241319822902536e-06 0.000000000000000000e+00
5.961034013997370540e-01 6.126702650652839858e-05 4.286513899240653597e-02 9.261807302090201819e-06 0.000000000000000000e+00
6.081458943573074816e-01 5.073958021152757600e-05 4.301987895765532754e-02 1.188222107536450266e-05 0.000000000000000000e+00
6.201883873148779092e-01 1.725959006304856119e-05 4.320809697086012979e-02 1.423155756174835947e-05 0.000000000000000000e+00
6.322308802724483368e-01 4.473035121051851989e-06 4.346227712983522645e-02 1.504478942241969328e-05 0.000000000000000000e+00
6.442733732300187643e-01 1.491011707017283926e-06 4.363856774133910432e-02 1.387012117922776403e-05 0.000000000000000000e+00
6.563158661875891919e-01 6.777325940987654785e-07 4.381196686152154934e-02 1.246955519696046814e-05 0.000000000000000000e+00
6.683583591451597306e-01 3.162752105794239112e-07 4.397393555507392998e-02 1.170150288410420664e-05 0.000000000000000000e+00
6.804008521027301581e-01 1.807286917596707837e-07 4.392139173621719545e-02 1.319242796200165393e-05 0.000000000000000000e+00
6.924433450603005857e-01 0.000000000000000000e+00 4.390847038437452332e-02 2.127956702089992311e-05 0.000000000000000000e+00
7.044858380178710133e-01 0.000000000000000000e+00 4.404739750645919605e-02 5.290525049145182251e-05 0.000000000000000000e+00
7.165283309754414409e-01 0.000000000000000000e+00 4.396702308363362177e-02 1.949497488220449325e-04 0.000000000000000000e+00
7.285708239330119795e-01 0.000000000000000000e+00 4.295079942280410901e-02 1.187137798388888422e-03 0.000000000000000000e+00
7.406133168905824071e-01 0.000000000000000000e+00 3.623490421279894347e-02 7.915547136296621766e-03 0.000000000000000000e+00
7.526558098481528347e-01 0.000000000000000000e+00 2.752351855458686283e-02 1.656372581996248469e-02 0.000000000000000000e+00
7.646983028057232623e-01 0.000000000000000000e+00 1.868377778943410006e-02 2.527633053881264344e-02 4.517958659774671582e-08
7.767407957632936899e-01 0.000000000000000000e+00 9.946910863951852547e-03 3.385470682110421764e-02 1.445746771127894906e-06
7.887832887208641175e-01 0.000000000000000000e+00 2.110201330474551721e-03 4.151024565972508129e-02 5.511909564925098973e-06
8.008257816784345451e-01 0.000000000000000000e+00 6.889881664362281866e-05 4.333071035938568238e-02 7.048015509248488488e-06
8.128682746360049727e-01 0.000000000000000000e+00 6.234778161849147864e-06 4.321631574431791106e-02 7.364272615432714645e-06
8.249107675935755113e-01 0.000000000000000000e+00 1.536104764513558108e-06 4.302891097998098879e-02 7.725709308214688848e-06
8.369532605511459389e-01 0.000000000000000000e+00 1.581284316411015612e-06 4.275087604272702346e-02 6.641399229868767933e-06
8.489957535087163665e-01 0.000000000000000000e+00 1.355386556923727668e-06 4.247677172613296276e-02 3.162571061842270041e-06
8.610382464662867941e-01 0.000000000000000000e+00 8.584114860516941683e-07 4.218775815875993457e-02 3.117391475244523266e-06
8.730807394238572217e-01 0.000000000000000000e+00 6.325137265644063296e-07 4.177025395740084635e-02 3.343289408233257143e-06
8.851232323814277603e-01 0.000000000000000000e+00 4.517955189745758892e-07 4.142666349626720340e-02 3.072211888646776914e-06
8.971657253389981879e-01 0.000000000000000000e+00 0.000000000000000000e+00 4.108451878066364527e-02 4.517958659774671608e-06
9.092082182965686155e-01 0.000000000000000000e+00 0.000000000000000000e+00 4.075421110658764001e-02 5.286011631936364672e-06
9.212507112541390430e-01 0.000000000000000000e+00 0.000000000000000000e+00 4.049650696585045673e-02 4.698677006165657863e-06
9.332932042117094706e-01 0.000000000000000000e+00 0.000000000000000000e+00 4.036331765889161760e-02 4.834215765958898612e-06
9.453356971692798982e-01 0.000000000000000000e+00 0.000000000000000000e+00 4.004728672192518074e-02 5.873346257707074023e-06
9.573781901268503258e-01 0.000000000000000000e+00 0.000000000000000000e+00 3.964360746219748599e-02 6.008885017500313078e-06
9.694206830844207534e-01 0.000000000000000000e+00 0.000000000000000000e+00 3.927200568141849674e-02 7.273913442237221942e-06
9.814631760419912920e-01 0.000000000000000000e+00 0.000000000000000000e+00 3.888472659754768634e-02 8.584121453571876310e-06
9.935056689995617196e-01 0.000000000000000000e+00 0.000000000000000000e+00 3.845918043667750225e-02 1.938204265043334080e-05
1.005548161957132258e+00 0.000000000000000000e+00 0.000000000000000000e+00 3.786475312607456845e-02 9.925955175524951431e-05
1.017590654914702686e+00 0.000000000000000000e+00 0.000000000000000000e+00 3.695926462876485824e-02 5.331643014400089470e-04
1.029633147872273113e+00 0.000000000000000000e+00 0.000000000000000000e+00 3.391429864467230409e-02 2.885303938891898342e-03
1.041675640829843541e+00 0.000000000000000000e+00 0.000000000000000000e+00 2.700467414047830889e-02 8.982469868604207527e-03
1.053718133787413969e+00 0.000000000000000000e+00 0.000000000000000000e+00 1.952316692004110385e-02 1.560123412558750595e-02
1.065760626744984396e+00 0.000000000000000000e+00 0.000000000000000000e+00 1.223087164585343056e-02 2.199423598834185714e-02
1.077803119702554824e+00 0.000000000000000000e+00 0.000000000000000000e+00 5.442780125281983933e-03 2.786844065819428853e-02
1.089845612660125251e+00 0.000000000000000000e+00 0.000000000000000000e+00 8.154908380620883544e-04 3.169637149186158021e-02
1.101888105617695679e+00 0.000000000000000000e+00 0.000000000000000000e+00 1.062171169132393331e-04 3.156164596462709276e-02
1.113930598575266107e+00 0.000000000000000000e+00 0.000000000000000000e+00 1.942720556048188377e-05 3.071353476501419502e-02
1.125973091532836534e+00 0.000000000000000000e+00 0.000000000000000000e+00 8.810011823939458366e-06 2.990829899308255699e-02
1.138015584490406962e+00 0.000000000000000000e+00 0.000000000000000000e+00 5.060109355288304818e-06 2.926340557398631262e-02
1.150058077447977389e+00 0.000000000000000000e+00 0.000000000000000000e+00 2.846311512349671725e-06 2.874429212397820732e-02
1.162100570405548039e+00 0.000000000000000000e+00 0.000000000000000000e+00 1.897541008233114201e-06 2.833573312237478228e-02
1.174143063363118467e+00 0.000000000000000000e+00 0.000000000000000000e+00 2.033079651678337067e-06 2.783356201734082588e-02
1.186185556320688894e+00 0.000000000000000000e+00 0.000000000000000000e+00 1.400565982267298647e-06 2.719237332434560478e-02
1.198228049278259322e+00 0.000000000000000000e+00 0.000000000000000000e+00 1.129488695376853762e-06 2.634503017770486663e-02
1.210270542235829749e+00 0.000000000000000000e+00 0.000000000000000000e+00 9.939500519316313186e-07 2.525434977764866654e-02
1.222313035193400177e+00 0.000000000000000000e+00 0.000000000000000000e+00 9.035909563014829881e-07 2.402017901055801888e-02
1.234355528150970605e+00 0.000000000000000000e+00 0.000000000000000000e+00 4.969750259658156593e-07 2.288332507299891544e-02
1.246398021108541032e+00 0.000000000000000000e+00 0.000000000000000000e+00 2.710772868904448858e-07 2.185431480864863732e-02
1.258440514066111460e+00 0.000000000000000000e+00 0.000000000000000000e+00 2.258977390753707470e-07 2.098103857930078836e-02
1.270483007023681887e+00 0.000000000000000000e+00 0.000000000000000000e+00 1.355386434452224429e-07 2.031165782426857733e-02
1.282525499981252315e+00 0.000000000000000000e+00 0.000000000000000000e+00 9.035909563014830410e-08 1.979322206805943229e-02
1.294567992938822742e+00 0.000000000000000000e+00 0.000000000000000000e+00 9.035909563014830410e-08 1.939437667757452563e-02
1.306610485896393392e+00 0.000000000000000000e+00 0.000000000000000000e+00 4.517954781507415205e-08 1.915826815801470462e-02
1.318652978853963820e+00 0.000000000000000000e+00 0.000000000000000000e+00 4.517954781507415205e-08 1.891104546015183116e-02
1.330695471811534247e+00 0.000000000000000000e+00 0.000000000000000000e+00 4.517954781507415205e-08 1.868514752716309707e-02
1.342737964769104675e+00 0.000000000000000000e+00 0.000000000000000000e+00 4.517954781507415205e-08 1.848220082416601739e-02
1.354780457726675102e+00 0.000000000000000000e+00 0.000000000000000000e+00 9.035909563014830410e-08 1.816174201642820063e-02
1.366822950684245530e+00 0.000000000000000000e+00 0.000000000000000000e+00 2.258977390753707470e-07 1.753821854179269876e-02
1.378865443641815958e+00 0.000000000000000000e+00 0.000000000000000000e+00 4.517954781507414940e-07 1.673515139001775440e-02
1.390907936599386385e+00 0.000000000000000000e+00 0.000000000000000000e+00 5.421545737808897717e-07 1.582378876916800542e-02
1.402950429556956813e+00 0.000000000000000000e+00 0.000000000000000000e+00 5.421545737808897717e-07 1.487135790410090350e-02
1.414992922514527240e+00 0.000000000000000000e+00 0.000000000000000000e+00 5.421545737808897717e-07 1.401290057915712157e-02
1.427035415472097668e+00 0.000000000000000000e+00 0.000000000000000000e+00 4.517954781507414940e-07 1.335933267943411641e-02
1.439077908429668096e+00 0.000000000000000000e+00 0.000000000000000000e+00 4.517954781507414940e-07 1.288634758734230785e-02
1.451120401387238523e+00 0.000000000000000000e+00 0.000000000000000000e+00 5.421545737808897717e-07 1.242140446166489429e-02
1.463162894344808951e+00 0.000000000000000000e+00 0.000000000000000000e+00 6.325136694110381022e-07 1.190992636179180608e-02
1.475205387302379600e+00 0.000000000000000000e+00 0.000000000000000000e+00 6.776932172261123205e-07 1.134138644404576041e-02
1.487247880259950028e+00 0.000000000000000000e+00 0.000000000000000000e+00 6.325136694110381022e-07 1.076539189451108589e-02
1.499290373217520456e+00 0.000000000000000000e+00 0.000000000000000000e+00 3.614363825205932164e-07 1.023444139281436821e-02
1.511332866175090883e+00 0.000000000000000000e+00 0.000000000000000000e+00 1.807181912602966082e-07 9.737691838172142511e-03
1.523375359132661311e+00 0.000000000000000000e+00 0.000000000000000000e+00 9.035909563014830410e-08 9.354659302996445186e-03
1.535417852090231738e+00 0.000000000000000000e+00 0.000000000000000000e+00 0.000000000000000000e+00 9.012469114105112894e-03
1.547460345047802166e+00 0.000000000000000000e+00 0.000000000000000000e+00 0.000000000000000000e+00 8.607840736535692094e-03
1.559502838005372594e+00 0.000000000000000000e+00 0.000000000000000000e+00 0.000000000000000000e+00 8.085248458359554913e-03
1.571545330962943021e+00 0.000000000000000000e+00 0.000000000000000000e+00 0.000000000000000000e+00 7.546075271902046196e-03
1.583587823920513449e+00 0.000000000000000000e+00 0.000000000000000000e+00 0.000000000000000000e+00 6.946632516923143506e-03
1.595630316878083876e+00 0.000000000000000000e+00 0.000000000000000000e+00 0.000000000000000000e+00 6.391375397636836139e-03
1.607672809835654304e+00 0.000000000000000000e+00 0.000000000000000000e+00 0.000000000000000000e+00 5.928058737076944557e-03
1.619715302793224954e+00 0.000000000000000000e+00 0.000000000000000000e+00 0.000000000000000000e+00 5.611711271719522012e-03
1.631757795750795381e+00 0.000000000000000000e+00 0.000000000000000000e+00 0.000000000000000000e+00 5.338103695283567124e-03
1.643800288708365809e+00 0.000000000000000000e+00 0.000000000000000000e+00 0.000000000000000000e+00 5.176631852783220890e-03
1.655842781665936236e+00 0.000000000000000000e+00 0.000000000000000000e+00 0.000000000000000000e+00 5.028804245435393797e-03
1.667885274623506664e+00 0.000000000000000000e+00 0.000000000000000000e+00 0.000000000000000000e+00 4.888069833183412115e-03
1.679927767581077092e+00 0.000000000000000000e+00 0.000000000000000000e+00 0.000000000000000000e+00 4.692622941561560082e-03
1.691970260538647519e+00 0.000000000000000000e+00 0.000000000000000000e+00 0.000000000000000000e+00 4.530292686915855793e-03
1.704012753496217947e+00 0.000000000000000000e+00 0.000000000000000000e+00 0.000000000000000000e+00 4.362405343118629618e-03
1.716055246453788374e+00 0.000000000000000000e+00 0.000000000000000000e+00 0.000000000000000000e+00 4.184939926962680593e-03
1.728097739411358802e+00 0.000000000000000000e+00 0.000000000000000000e+00 0.000000000000000000e+00 3.967174319561541686e-03
1.740140232368929230e+00 0.000000000000000000e+00 0.000000000000000000e+00 0.000000000000000000e+00 3.719002850380119084e-03
1.752182725326499657e+00 0.000000000000000000e+00 0.000000000000000000e+00 0.000000000000000000e+00 3.436359356624614763e-03
1.764225218284070085e+00 0.000000000000000000e+00 0.000000000000000000e+00 0.000000000000000000e+00 3.122993743982643844e-03
1.776267711241640512e+00 0.000000000000000000e+00 0.000000000000000000e+00 0.000000000000000000e+00 2.850244579692047010e-03
1.788310204199211162e+00 0.000000000000000000e+00 0.000000000000000000e+00 0.000000000000000000e+00 2.649511676438258065e-03
1.800352697156781590e+00 0.000000000000000000e+00 0.000000000000000000e+00 0.000000000000000000e+00 2.489666299055430347e-03
1.812395190114352017e+00 0.000000000000000000e+00 0.000000000000000000e+00 4.517954781507415205e-08 2.377304667186834648e-03
1.824437683071922445e+00 0.000000000000000000e+00 0.000000000000000000e+00 4.517954781507415205e-08 2.288391240762468852e-03
1.836480176029492872e+00 0.000000000000000000e+00 0.000000000000000000e+00 4.517954781507415205e-08 2.217143032697822293e-03
1.848522668987063300e+00 0.000000000000000000e+00 0.000000000000000000e+00 9.035909563014830410e-08 2.173725449977387866e-03
1.860565161944633727e+00 0.000000000000000000e+00 1.355386556923727773e-07 9.035909563014830410e-08 2.159267982266109033e-03
1.872607654902204155e+00 0.000000000000000000e+00 4.517955189745759951e-07 1.355386434452224429e-07 2.179779514581485673e-03
1.884650147859774583e+00 0.000000000000000000e+00 4.969750708720336052e-07 3.162568347055190511e-07 2.232729990074044588e-03
1.896692640817345010e+00 0.000000000000000000e+00 4.969750708720336052e-07 3.162568347055190511e-07 2.265711088290399845e-03
1.908735133774915438e+00 0.000000000000000000e+00 4.969750708720336052e-07 2.710772868904448858e-07 2.218633959055547455e-03
1.920777626732485865e+00 0.000000000000000000e+00 3.614364151796607220e-07 2.710772868904448858e-07 2.150729040399134220e-03
1.932820119690056515e+00 0.000000000000000000e+00 4.517955189745759024e-08 1.807181912602966082e-07 2.075324310367495078e-03
1.944862612647626943e+00 0.000000000000000000e+00 0.000000000000000000e+00 0.000000000000000000e+00 1.980718256031813607e-03
1.956905105605197370e+00 0.000000000000000000e+00 0.000000000000000000e+00 0.000000000000000000e+00 1.902512391631114123e-03
1.968947598562767798e+00 0.000000000000000000e+00 0.000000000000000000e+00 0.000000000000000000e+00 1.848116169367426892e-03
1.980990091520338225e+00 0.000000000000000000e+00 0.000000000000000000e+00 0.000000000000000000e+00 1.780346789470807229e-03
1.993032584477908653e+00 0.000000000000000000e+00 0.000000000000000000e+00 0.000000000000000000e+00 1.675304250631045938e-03
2.005075077435479081e+00 0.000000000000000000e+00 0.000000000000000000e+00 0.000000000000000000e+00 1.592399709224180671e-03
2.017117570393049952e+00 0.000000000000000000e+00 0.000000000000000000e+00 0.000000000000000000e+00 1.517988930097691853e-03
2.029160063350619936e+00 0.000000000000000000e+00 0.000000000000000000e+00 0.000000000000000000e+00 1.459210287934023260e-03
2.041202556308190807e+00 0.000000000000000000e+00 0.000000000000000000e+00 0.000000000000000000e+00 1.436078339595976911e-03
2.053245049265760791e+00 0.000000000000000000e+00 0.000000000000000000e+00 0.000000000000000000e+00 1.434542233651653603e-03
2.065287542223331663e+00 0.000000000000000000e+00 0.000000000000000000e+00 0.000000000000000000e+00 1.407073045000223821e-03
2.077330035180901646e+00 0.000000000000000000e+00 0.000000000000000000e+00 0.000000000000000000e+00 1.379920113454978026e-03
2.089372528138472518e+00 0.000000000000000000e+00 0.000000000000000000e+00 0.000000000000000000e+00 1.379513497175598180e-03
2.101415021096042501e+00 0.000000000000000000e+00 0.000000000000000000e+00 0.000000000000000000e+00 1.385657920952891630e-03
2.113457514053613373e+00 0.000000000000000000e+00 0.000000000000000000e+00 0.000000000000000000e+00 1.374498563063248193e-03
2.125500007011183357e+00 0.000000000000000000e+00 0.000000000000000000e+00 0.000000000000000000e+00 1.350643741339638011e-03
2.137542499968754228e+00 0.000000000000000000e+00 0.000000000000000000e+00 4.517954781507415205e-08 1.326020866643865849e-03
2.149584992926324212e+00 0.000000000000000000e+00 0.000000000000000000e+00 2.710772868904449388e-07 1.292813870494522030e-03
2.161627485883895083e+00 0.000000000000000000e+00 4.517955189745759024e-08 7.680523128562605451e-07 1.250435418265835857e-03
2.173669978841465067e+00 0.000000000000000000e+00 4.517955189745759024e-08 1.084309147561779543e-06 1.209683431154668417e-03
2.185712471799035939e+00 0.000000000000000000e+00 3.614364151796607220e-07 1.536104625712521090e-06 1.163916509931150990e-03
2.197754964756605922e+00 0.000000000000000000e+00 1.265027453128812659e-06 2.123438747308485080e-06 1.083316127440770793e-03
2.209797457714176794e+00 4.518217293991770386e-07 2.394516250565252594e-06 2.439695582014004396e-06 1.003483797922552359e-03
2.221839950671746777e+00 7.680969399786008968e-07 3.930621015078810278e-06 3.207747894870265047e-06 9.336361570424357541e-04
2.233882443629317649e+00 1.716922571716872419e-06 7.183548751695756511e-06 4.066159303356674134e-06 8.628849244303645740e-04
2.245924936586887632e+00 3.072387759914403587e-06 1.034611738451778816e-05 5.557084381254121430e-06 8.106573223233692763e-04
2.257967429544458504e+00 4.653763812811522614e-06 1.219847901231354943e-05 6.912470815706345012e-06 7.678270742287053282e-04
2.270009922502028488e+00 6.009229001009054418e-06 1.292135184267286950e-05 7.409445841672160777e-06 6.883561814032690277e-04
2.282052415459599359e+00 5.692953790429630189e-06 1.134006752626185622e-05 6.144418502850084361e-06 5.198363233936737935e-04
2.294094908417169343e+00 4.744128158691358350e-06 8.087139789644909137e-06 4.969750259658156805e-06 3.695238387829704002e-04
2.306137401374740215e+00 3.388662970493827816e-06 4.608314293540674324e-06 3.027029703609967751e-06 2.208829988763836964e-04
2.318179894332311086e+00 1.807286917596708154e-06 1.852361627795761061e-06 1.039129599746705537e-06 8.566049618932777430e-05
2.330222387289881070e+00 0.000000000000000000e+00 0.000000000000000000e+00 0.000000000000000000e+00 0.000000000000000000e+00
2.342264880247451941e+00 0.000000000000000000e+00 0.000000000000000000e+00 0.000000000000000000e+00 0.000000000000000000e+00
2.354307373205021925e+00 0.000000000000000000e+00 0.000000000000000000e+00 0.000000000000000000e+00 0.000000000000000000e+00
2.366349866162592797e+00 0.000000000000000000e+00 0.000000000000000000e+00 0.000000000000000000e+00 0.000000000000000000e+00
2.378392359120162780e+00 0.000000000000000000e+00 0.000000000000000000e+00 0.000000000000000000e+00 0.000000000000000000e+00
2.390434852077733652e+00 0.000000000000000000e+00 0.000000000000000000e+00 0.000000000000000000e+00 0.000000000000000000e+00
